ASC_air = -0.30521850396904565
ASC_bus = -2.0507186414369647
ASC_rail = -0.6060249629611272
B_access = -0.018791505610418834
B_cost = -0.05550765584469241
B_service = 0.1826216391295538
B_time = -0.010632272350313565
